designers. This evaluation will give designers an ideal of shading design strategies for energy saving. 
3. Fenestration and shading design for maximize daylight using in 48 orientations will be proposed for 
architecture design. 
4. A comprehensive comparison for 12 cities in Taiwan will be presented to assist designers in their 
decision-making for energy concerns. 
 
Key Words: Solar Radiation；Daylighting；Shading Devices；Energy Saving 
 
三、研究目的 
研究以淡水、台北、基隆、台中、宜蘭、台南、恆春、高雄、花蓮、新竹、嘉義、澎湖與
台東十三個地區日照可及漫射光度與太陽輻射能量之氣象資料為基礎，討論建築量體在不同
配置方位、比例下表面受熱的情形，同時針對 48 組垂直面向方位下，建築立面開口部及外遮
陽設施對於進行室內「採光品質」、「熱遮蔽效果」的效益分析，並且提出綜合效益評估項目
與方式，建構台灣北、中、南、東部太陽輻射能量與建築物採光遮陽效益分析之完整資料，
提供該地區於此相關建築設計規劃時之建議及參考。研究目的如下： 
(1) 改善室內環境品質 
建築物之自然採光與熱得皆由建築物之開口部直接或間接進到室內，成為室內環境因子
「光」與「熱」的主要來源，透過研究中針對遮陽板型式組別與開口部大小的討論，找出其
間之權衡組合，兼顧不同時節在採光、遮陽上的需求，創造室內舒適之環境品質。 
(2) 建築節約能源 
研究解析建築物外遮陽板之「採光」與「遮陽」性能，檢視其阻絕太陽輻射熱之效果以及
對室內自然採光的影響，在採光效能方面，透過自然採光的應用可以降低室內人工照明能源
及其使用時帶來的熱負荷之空調使用；遮陽效能方面，透過遮陽設施減少室內熱得進而也降
低室內空調負荷，以節約建築在「照明」及「空調」的能源使用。 
(3) 建築再生能源使用 
現階段很多研究朝向建築與太陽能源使用結合方面進行討論，其內容不外乎透過光電轉換
之效益以及光電系統架設之方位與角度進行研究，然而，若能從當地氣象資料相關數據進行
整理與分析，方能將當地太陽再生能源使用之效益提高，發揮光電轉換之使用效益；故本研
究在太陽輻射能量相關數據整理分析後，期以提出適合台中與台東地區太陽能源再生使用建
議，同時結合遮陽與採光之綜合評估，使研究擬定該地建築物採光與遮陽策略兼具節約與再
生能源之思維。 
(4) 區域建築採光與遮陽策略比較 
結合台灣北、中、南、東 13 個城市地區基礎氣象資料---「日照可及漫射光分布」、「太陽輻
射能量數據」以及遮陽模組「採光節能與遮蔽效益」；期以 13 個城市針對建築遮陽板關於室
內光、熱環境條件進行相關研究時，一方面提供建築適切配置、開口部暨外遮陽板設置之參
考建議，另一方面，則逐一比較台灣不同區域位置條件下，相關建築操作設計手法之異同，
進一步建立台灣各區建築物外遮陽設置策略。 
 
 新竹 全年期 窗面單位面積遮蔽輻射能量
0.00
100000.00
200000.00
300000.00
400000.00
500000.00
600000.00
0
0
0
0
0
0
7
5
0
1
5
0
0
2
2
5
0
3
0
0
0
3
7
5
0
4
5
0
0
5
2
5
0
6
0
0
0
6
7
5
0
7
5
0
0
8
2
5
0
9
0
0
0
9
7
5
1
0
5
0
1
1
2
5
1
2
0
0
1
2
7
5
1
3
5
0
1
4
2
5
1
5
0
0
1
5
7
5
1
6
5
0
1
7
2
5
1
8
0
0
1
8
7
5
1
9
5
0
2
0
2
5
2
1
0
0
2
1
7
5
2
2
5
0
2
3
2
5
2
4
0
0
2
4
7
5
2
5
5
0
2
6
2
5
2
7
0
0
2
7
7
5
2
8
5
0
2
9
2
5
3
0
0
0
3
0
7
5
3
1
5
0
3
2
2
5
3
3
0
0
3
3
7
5
3
4
5
0
3
5
2
5
方位角
太
陽
輻
射
能
量
 
單
位
：
每
米
平
方
-
瓦
h3002
h3004
h3006
h3008
h3010  
 
新竹 溫熱期 窗面單位面積遮蔽輻射能量
0.00
50000.00
100000.00
150000.00
200000.00
250000.00
300000.00
350000.00
0
0
0
0
0
0
7
5
0
1
5
0
0
2
2
5
0
3
0
0
0
3
7
5
0
4
5
0
0
5
2
5
0
6
0
0
0
6
7
5
0
7
5
0
0
8
2
5
0
9
0
0
0
9
7
5
1
0
5
0
1
1
2
5
1
2
0
0
1
2
7
5
1
3
5
0
1
4
2
5
1
5
0
0
1
5
7
5
1
6
5
0
1
7
2
5
1
8
0
0
1
8
7
5
1
9
5
0
2
0
2
5
2
1
0
0
2
1
7
5
2
2
5
0
2
3
2
5
2
4
0
0
2
4
7
5
2
5
5
0
2
6
2
5
2
7
0
0
2
7
7
5
2
8
5
0
2
9
2
5
3
0
0
0
3
0
7
5
3
1
5
0
3
2
2
5
3
3
0
0
3
3
7
5
3
4
5
0
3
5
2
5
方位角
太
陽
輻
射
能
量
 
 
單
位
：
每
米
平
方
-
瓦
h3002
h3004
h3006
h3008
h3010  
 
新竹 冷涼期 窗面單位面積遮蔽輻射能量
0.00
50000.00
100000.00
150000.00
200000.00
250000.00
0
0
0
0
0
0
7
5
0
1
5
0
0
2
2
5
0
3
0
0
0
3
7
5
0
4
5
0
0
5
2
5
0
6
0
0
0
6
7
5
0
7
5
0
0
8
2
5
0
9
0
0
0
9
7
5
1
0
5
0
1
1
2
5
1
2
0
0
1
2
7
5
1
3
5
0
1
4
2
5
1
5
0
0
1
5
7
5
1
6
5
0
1
7
2
5
1
8
0
0
1
8
7
5
1
9
5
0
2
0
2
5
2
1
0
0
2
1
7
5
2
2
5
0
2
3
2
5
2
4
0
0
2
4
7
5
2
5
5
0
2
6
2
5
2
7
0
0
2
7
7
5
2
8
5
0
2
9
2
5
3
0
0
0
3
0
7
5
3
1
5
0
3
2
2
5
3
3
0
0
3
3
7
5
3
4
5
0
3
5
2
5
方位角
太
陽
輻
射
能
量
 
 
單
位
：
每
米
平
方
-
瓦
h3002
h3004
h3006
h3008
h3010  
 
 
 宜蘭 全年期 窗面單位面積遮蔽輻射能量
0.00
50000.00
100000.00
150000.00
200000.00
250000.00
300000.00
350000.00
400000.00
0
0
0
0
0
0
7
5
0
1
5
0
0
2
2
5
0
3
0
0
0
3
7
5
0
4
5
0
0
5
2
5
0
6
0
0
0
6
7
5
0
7
5
0
0
8
2
5
0
9
0
0
0
9
7
5
1
0
5
0
1
1
2
5
1
2
0
0
1
2
7
5
1
3
5
0
1
4
2
5
1
5
0
0
1
5
7
5
1
6
5
0
1
7
2
5
1
8
0
0
1
8
7
5
1
9
5
0
2
0
2
5
2
1
0
0
2
1
7
5
2
2
5
0
2
3
2
5
2
4
0
0
2
4
7
5
2
5
5
0
2
6
2
5
2
7
0
0
2
7
7
5
2
8
5
0
2
9
2
5
3
0
0
0
3
0
7
5
3
1
5
0
3
2
2
5
3
3
0
0
3
3
7
5
3
4
5
0
3
5
2
5
方位角
太
陽
輻
射
能
量
 
單
位
：
每
米
平
方
-
瓦
h-30-02
h-30-04
h-30-06
h-30-08
h-30-10  
 
 
宜蘭 溫熱期 窗面單位面積遮蔽輻射能量
0.00
50000.00
100000.00
150000.00
200000.00
250000.00
0
0
0
0
0
0
7
5
0
1
5
0
0
2
2
5
0
3
0
0
0
3
7
5
0
4
5
0
0
5
2
5
0
6
0
0
0
6
7
5
0
7
5
0
0
8
2
5
0
9
0
0
0
9
7
5
1
0
5
0
1
1
2
5
1
2
0
0
1
2
7
5
1
3
5
0
1
4
2
5
1
5
0
0
1
5
7
5
1
6
5
0
1
7
2
5
1
8
0
0
1
8
7
5
1
9
5
0
2
0
2
5
2
1
0
0
2
1
7
5
2
2
5
0
2
3
2
5
2
4
0
0
2
4
7
5
2
5
5
0
2
6
2
5
2
7
0
0
2
7
7
5
2
8
5
0
2
9
2
5
3
0
0
0
3
0
7
5
3
1
5
0
3
2
2
5
3
3
0
0
3
3
7
5
3
4
5
0
3
5
2
5
方位角
太
陽
輻
射
能
量
 
 
單
位
：
每
米
平
方
-
瓦
h-30-02
h-30-04
h-30-06
h-30-08
h-30-10  
 
 
宜蘭 冷涼期 窗面單位面積遮蔽輻射能量
0.00
20000.00
40000.00
60000.00
80000.00
100000.00
120000.00
0
0
0
0
0
0
7
5
0
1
5
0
0
2
2
5
0
3
0
0
0
3
7
5
0
4
5
0
0
5
2
5
0
6
0
0
0
6
7
5
0
7
5
0
0
8
2
5
0
9
0
0
0
9
7
5
1
0
5
0
1
1
2
5
1
2
0
0
1
2
7
5
1
3
5
0
1
4
2
5
1
5
0
0
1
5
7
5
1
6
5
0
1
7
2
5
1
8
0
0
1
8
7
5
1
9
5
0
2
0
2
5
2
1
0
0
2
1
7
5
2
2
5
0
2
3
2
5
2
4
0
0
2
4
7
5
2
5
5
0
2
6
2
5
2
7
0
0
2
7
7
5
2
8
5
0
2
9
2
5
3
0
0
0
3
0
7
5
3
1
5
0
3
2
2
5
3
3
0
0
3
3
7
5
3
4
5
0
3
5
2
5
方位角
太
陽
輻
射
能
量
 
 
單
位
：
每
米
平
方
-
瓦
h-30-02
h-30-04
h-30-06
h-30-08
h-30-10  
台中 全年期 窗面單位面積遮蔽輻射能量
0.00
100000.00
200000.00
300000.00
400000.00
500000.00
600000.00
700000.00
0
0
0
0
0
0
7
5
0
1
5
0
0
2
2
5
0
3
0
0
0
3
7
5
0
4
5
0
0
5
2
5
0
6
0
0
0
6
7
5
0
7
5
0
0
8
2
5
0
9
0
0
0
9
7
5
1
0
5
0
1
1
2
5
1
2
0
0
1
2
7
5
1
3
5
0
1
4
2
5
1
5
0
0
1
5
7
5
1
6
5
0
1
7
2
5
1
8
0
0
1
8
7
5
1
9
5
0
2
0
2
5
2
1
0
0
2
1
7
5
2
2
5
0
2
3
2
5
2
4
0
0
2
4
7
5
2
5
5
0
2
6
2
5
2
7
0
0
2
7
7
5
2
8
5
0
2
9
2
5
3
0
0
0
3
0
7
5
3
1
5
0
3
2
2
5
3
3
0
0
3
3
7
5
3
4
5
0
3
5
2
5
方位角
太
陽
輻
射
能
量
 
單
位
：
每
米
平
方
-
瓦
h3002
h3004
h3006
h3008
h3010  
 
 
台中 溫熱期 窗面單位面積遮蔽輻射能量
0.00
50000.00
100000.00
150000.00
200000.00
250000.00
300000.00
350000.00
0
0
0
0
0
0
7
5
0
1
5
0
0
2
2
5
0
3
0
0
0
3
7
5
0
4
5
0
0
5
2
5
0
6
0
0
0
6
7
5
0
7
5
0
0
8
2
5
0
9
0
0
0
9
7
5
1
0
5
0
1
1
2
5
1
2
0
0
1
2
7
5
1
3
5
0
1
4
2
5
1
5
0
0
1
5
7
5
1
6
5
0
1
7
2
5
1
8
0
0
1
8
7
5
1
9
5
0
2
0
2
5
2
1
0
0
2
1
7
5
2
2
5
0
2
3
2
5
2
4
0
0
2
4
7
5
2
5
5
0
2
6
2
5
2
7
0
0
2
7
7
5
2
8
5
0
2
9
2
5
3
0
0
0
3
0
7
5
3
1
5
0
3
2
2
5
3
3
0
0
3
3
7
5
3
4
5
0
3
5
2
5
方位角
太
陽
輻
射
能
量
 
 
單
位
：
每
米
平
方
-
瓦
h3002
h3004
h3006
h3008
h3010  
 
 
台中 冷涼期 窗面單位面積遮蔽輻射能量
0.00
50000.00
100000.00
150000.00
200000.00
250000.00
300000.00
0
0
0
0
0
0
7
5
0
1
5
0
0
2
2
5
0
3
0
0
0
3
7
5
0
4
5
0
0
5
2
5
0
6
0
0
0
6
7
5
0
7
5
0
0
8
2
5
0
9
0
0
0
9
7
5
1
0
5
0
1
1
2
5
1
2
0
0
1
2
7
5
1
3
5
0
1
4
2
5
1
5
0
0
1
5
7
5
1
6
5
0
1
7
2
5
1
8
0
0
1
8
7
5
1
9
5
0
2
0
2
5
2
1
0
0
2
1
7
5
2
2
5
0
2
3
2
5
2
4
0
0
2
4
7
5
2
5
5
0
2
6
2
5
2
7
0
0
2
7
7
5
2
8
5
0
2
9
2
5
3
0
0
0
3
0
7
5
3
1
5
0
3
2
2
5
3
3
0
0
3
3
7
5
3
4
5
0
3
5
2
5
方位角
太
陽
輻
射
能
量
 
 
單
位
：
每
米
平
方
-
瓦
h3002
h3004
h3006
h3008
h3010  
嘉義 全年期 窗面單位面積遮蔽輻射能量
0.00
100,000.00
200,000.00
300,000.00
400,000.00
500,000.00
600,000.00
700,000.00
0
0
0
0
0
1
5
0
0
3
0
0
0
4
5
0
0
6
0
0
0
7
5
0
0
9
0
0
1
0
5
0
1
2
0
0
1
3
5
0
1
5
0
0
1
6
5
0
1
8
0
0
1
9
5
0
2
1
0
0
2
2
5
0
2
4
0
0
2
5
5
0
2
7
0
0
2
8
5
0
3
0
0
0
3
1
5
0
3
3
0
0
3
4
5
0
方位角
太
陽
輻
射
能
量
 
單
位
：
每
米
平
方
-
瓦
h3002
h3004
h3006
h3008
h3010  
 
嘉義 溫熱期 窗面單位面積遮蔽輻射能量
0.00
50,000.00
100,000.00
150,000.00
200,000.00
250,000.00
300,000.00
350,000.00
400,000.00
0
0
0
0
0
0
7
5
0
1
5
0
0
2
2
5
0
3
0
0
0
3
7
5
0
4
5
0
0
5
2
5
0
6
0
0
0
6
7
5
0
7
5
0
0
8
2
5
0
9
0
0
0
9
7
5
1
0
5
0
1
1
2
5
1
2
0
0
1
2
7
5
1
3
5
0
1
4
2
5
1
5
0
0
1
5
7
5
1
6
5
0
1
7
2
5
1
8
0
0
1
8
7
5
1
9
5
0
2
0
2
5
2
1
0
0
2
1
7
5
2
2
5
0
2
3
2
5
2
4
0
0
2
4
7
5
2
5
5
0
2
6
2
5
2
7
0
0
2
7
7
5
2
8
5
0
2
9
2
5
3
0
0
0
3
0
7
5
3
1
5
0
3
2
2
5
3
3
0
0
3
3
7
5
3
4
5
0
3
5
2
5
方位角
太
陽
輻
射
能
量
 
 
單
位
：
每
米
平
方
-
瓦
h3002
h3004
h3006
h3008
h3010  
 
嘉義 冷涼期 窗面單位面積遮蔽輻射能量
0.00
50,000.00
100,000.00
150,000.00
200,000.00
250,000.00
0
0
0
0
0
0
7
5
0
1
5
0
0
2
2
5
0
3
0
0
0
3
7
5
0
4
5
0
0
5
2
5
0
6
0
0
0
6
7
5
0
7
5
0
0
8
2
5
0
9
0
0
0
9
7
5
1
0
5
0
1
1
2
5
1
2
0
0
1
2
7
5
1
3
5
0
1
4
2
5
1
5
0
0
1
5
7
5
1
6
5
0
1
7
2
5
1
8
0
0
1
8
7
5
1
9
5
0
2
0
2
5
2
1
0
0
2
1
7
5
2
2
5
0
2
3
2
5
2
4
0
0
2
4
7
5
2
5
5
0
2
6
2
5
2
7
0
0
2
7
7
5
2
8
5
0
2
9
2
5
3
0
0
0
3
0
7
5
3
1
5
0
3
2
2
5
3
3
0
0
3
3
7
5
3
4
5
0
3
5
2
5
方位角
太
陽
輻
射
能
量
 
 
單
位
：
每
米
平
方
-
瓦
h3002
h3004
h3006
h3008
h3010  
 
台南 全年期 窗面單位面積遮蔽輻射能量
0.00
100000.00
200000.00
300000.00
400000.00
500000.00
600000.00
700000.00
0
0
0
0
0
0
7
5
0
1
5
0
0
2
2
5
0
3
0
0
0
3
7
5
0
4
5
0
0
5
2
5
0
6
0
0
0
6
7
5
0
7
5
0
0
8
2
5
0
9
0
0
0
9
7
5
1
0
5
0
1
1
2
5
1
2
0
0
1
2
7
5
1
3
5
0
1
4
2
5
1
5
0
0
1
5
7
5
1
6
5
0
1
7
2
5
1
8
0
0
1
8
7
5
1
9
5
0
2
0
2
5
2
1
0
0
2
1
7
5
2
2
5
0
2
3
2
5
2
4
0
0
2
4
7
5
2
5
5
0
2
6
2
5
2
7
0
0
2
7
7
5
2
8
5
0
2
9
2
5
3
0
0
0
3
0
7
5
3
1
5
0
3
2
2
5
3
3
0
0
3
3
7
5
3
4
5
0
3
5
2
5
方位角
太
陽
輻
射
能
量
 
單
位
：
每
米
平
方
-
瓦
h-30-02
h-30-04
h-30-06
h-30-08
h-30-10  
 
 
台南 溫熱期 窗面單位面積遮蔽輻射能量
0.00
50000.00
100000.00
150000.00
200000.00
250000.00
300000.00
350000.00
400000.00
450000.00
0
0
0
0
0
0
7
5
0
1
5
0
0
2
2
5
0
3
0
0
0
3
7
5
0
4
5
0
0
5
2
5
0
6
0
0
0
6
7
5
0
7
5
0
0
8
2
5
0
9
0
0
0
9
7
5
1
0
5
0
1
1
2
5
1
2
0
0
1
2
7
5
1
3
5
0
1
4
2
5
1
5
0
0
1
5
7
5
1
6
5
0
1
7
2
5
1
8
0
0
1
8
7
5
1
9
5
0
2
0
2
5
2
1
0
0
2
1
7
5
2
2
5
0
2
3
2
5
2
4
0
0
2
4
7
5
2
5
5
0
2
6
2
5
2
7
0
0
2
7
7
5
2
8
5
0
2
9
2
5
3
0
0
0
3
0
7
5
3
1
5
0
3
2
2
5
3
3
0
0
3
3
7
5
3
4
5
0
3
5
2
5
方位角
太
陽
輻
射
能
量
 
 
單
位
：
每
米
平
方
-
瓦
h-30-02
h-30-04
h-30-06
h-30-08
h-30-10  
 
台南 冷涼期 窗面單位面積遮蔽輻射能量
0.00
20000.00
40000.00
60000.00
80000.00
100000.00
120000.00
0
0
0
0
0
0
7
5
0
1
5
0
0
2
2
5
0
3
0
0
0
3
7
5
0
4
5
0
0
5
2
5
0
6
0
0
0
6
7
5
0
7
5
0
0
8
2
5
0
9
0
0
0
9
7
5
1
0
5
0
1
1
2
5
1
2
0
0
1
2
7
5
1
3
5
0
1
4
2
5
1
5
0
0
1
5
7
5
1
6
5
0
1
7
2
5
1
8
0
0
1
8
7
5
1
9
5
0
2
0
2
5
2
1
0
0
2
1
7
5
2
2
5
0
2
3
2
5
2
4
0
0
2
4
7
5
2
5
5
0
2
6
2
5
2
7
0
0
2
7
7
5
2
8
5
0
2
9
2
5
3
0
0
0
3
0
7
5
3
1
5
0
3
2
2
5
3
3
0
0
3
3
7
5
3
4
5
0
3
5
2
5
方位角
太
陽
輻
射
能
量
 
 
單
位
：
每
米
平
方
-
瓦
h-30-02
h-30-04
h-30-06
h-30-08
h-30-10  
 
恆春 全年期 窗面單位面積遮蔽輻射能量
0.00
100000.00
200000.00
300000.00
400000.00
500000.00
600000.00
700000.00
0
0
0
0
0
0
7
5
0
1
5
0
0
2
2
5
0
3
0
0
0
3
7
5
0
4
5
0
0
5
2
5
0
6
0
0
0
6
7
5
0
7
5
0
0
8
2
5
0
9
0
0
0
9
7
5
1
0
5
0
1
1
2
5
1
2
0
0
1
2
7
5
1
3
5
0
1
4
2
5
1
5
0
0
1
5
7
5
1
6
5
0
1
7
2
5
1
8
0
0
1
8
7
5
1
9
5
0
2
0
2
5
2
1
0
0
2
1
7
5
2
2
5
0
2
3
2
5
2
4
0
0
2
4
7
5
2
5
5
0
2
6
2
5
2
7
0
0
2
7
7
5
2
8
5
0
2
9
2
5
3
0
0
0
3
0
7
5
3
1
5
0
3
2
2
5
3
3
0
0
3
3
7
5
3
4
5
0
3
5
2
5
方位角
太
陽
輻
射
能
量
 
單
位
：
每
米
平
方
-
瓦
h3002
h3004
h3006
h3008
h3010  
 
 
恆春 溫熱期 窗面單位面積遮蔽輻射能量
0.00
50000.00
100000.00
150000.00
200000.00
250000.00
300000.00
350000.00
400000.00
450000.00
500000.00
0
0
0
0
0
0
7
5
0
1
5
0
0
2
2
5
0
3
0
0
0
3
7
5
0
4
5
0
0
5
2
5
0
6
0
0
0
6
7
5
0
7
5
0
0
8
2
5
0
9
0
0
0
9
7
5
1
0
5
0
1
1
2
5
1
2
0
0
1
2
7
5
1
3
5
0
1
4
2
5
1
5
0
0
1
5
7
5
1
6
5
0
1
7
2
5
1
8
0
0
1
8
7
5
1
9
5
0
2
0
2
5
2
1
0
0
2
1
7
5
2
2
5
0
2
3
2
5
2
4
0
0
2
4
7
5
2
5
5
0
2
6
2
5
2
7
0
0
2
7
7
5
2
8
5
0
2
9
2
5
3
0
0
0
3
0
7
5
3
1
5
0
3
2
2
5
3
3
0
0
3
3
7
5
3
4
5
0
3
5
2
5
方位角
太
陽
輻
射
能
量
 
 
單
位
：
每
米
平
方
-
瓦
h3002
h3004
h3006
h3008
h3010  
 
 
恆春 冷涼期 窗面單位面積遮蔽輻射能量
0.00
0.20
0.40
0.60
0.80
1.00
1.20
0
0
0
0
0
0
7
5
0
1
5
0
0
2
2
5
0
3
0
0
0
3
7
5
0
4
5
0
0
5
2
5
0
6
0
0
0
6
7
5
0
7
5
0
0
8
2
5
0
9
0
0
0
9
7
5
1
0
5
0
1
1
2
5
1
2
0
0
1
2
7
5
1
3
5
0
1
4
2
5
1
5
0
0
1
5
7
5
1
6
5
0
1
7
2
5
1
8
0
0
1
8
7
5
1
9
5
0
2
0
2
5
2
1
0
0
2
1
7
5
2
2
5
0
2
3
2
5
2
4
0
0
2
4
7
5
2
5
5
0
2
6
2
5
2
7
0
0
2
7
7
5
2
8
5
0
2
9
2
5
3
0
0
0
3
0
7
5
3
1
5
0
3
2
2
5
3
3
0
0
3
3
7
5
3
4
5
0
3
5
2
5
方位角
太
陽
輻
射
能
量
 
 
單
位
：
每
米
平
方
-
瓦
h-30-02
h-30-04
h-30-06
h-30-08
h-30-10  
五、研究具體成果 
綜合 94 至 97 年度於淡水、台北、基隆、台中、宜蘭、台南、恆春、高雄、花蓮、新竹、
嘉義、澎湖與台東十三個地區，建構台灣北、中、南、東部太陽輻射能量與建築物採光遮陽效
益分析之完整資料，進一步比較不同緯度位置與氣候條件下各區域建築配置方位與遮陽板設置
「光」、「熱」效益。成果呈現主要為： 
1.台灣十三個縣市太陽輻射能量解析與應用 
2.台灣十三個縣市採光與遮陽效益比較分析 
3.台灣十個縣市遮陽板設置策略建議 
A. 台灣十三個縣市太陽輻射能量解析與應用 
將淡水、台北、基隆、台中、宜蘭、台南、恆春、高雄、花蓮、新竹、嘉義、澎湖與台東
十三個地區之太陽輻射能量數據進行比較，可分別由 48 組方位與各時期數據一同比較分析： 
i、 太陽輻射能量數據基礎解析 
依 48 方位太陽輻射能量的分佈情形，討論 13 縣市「十二個月份太陽輻射能量」以及配
合中央氣象局所提供月平均氣溫統計所分類之「三時期太陽輻射能量」。 
ii、 各縣市水平面與垂直面之太陽輻射能量 
依全年期水平面與垂直面之太陽輻射能量數據探討不同配置方位下建築量體受熱之情
形，比較 13 縣市量體最佳配置方位雨量體比例之關係。 
iii、 各縣市 48 方位各傾斜面之太陽輻射能量 
依 13 個縣市 48 方位下不同傾斜面角度單位面積所受照之太陽輻射能量數值，分別比較
13 個縣市建築立面傾斜角度的遮蔽效果以及提供太陽再生能源方位與傾斜角設置建議 
B. 台灣十三市採光與遮陽效益比較分析 
i、 採光節能效益 
依 13 縣市在採光節能方面之成果，可整理 13 個縣市居室晝光基準值，以作為評估室內
自然採光量的品質。 
同時以研究針對水平、垂直、格栅三種遮陽板型式及開窗率共計 140 組模組探討外周區
（外牆中心線至室內五米範圍內之區域）範圍內利用自然採光達室內採光節能，可進一步比
較 1 個縣市各模組達「晝光基準」情形與「採光節能」。 
ii、 遮陽效益 
 比較遮陽模組「太陽輻射能量遮蔽率」 
將 13 縣市各遮陽模組之遮蔽效益統合整理，分別依「遮陽型式條件」、「開窗率」以及「遮
陽深度比」因子進行比較與分析，討論 13 個縣市中各因子與「太陽輻射能量遮蔽率」之影
響關係。 
 模組「遮蔽輻射能量」 
iii、 綜合採光與遮陽 
將 13 個縣市各遮陽模組之採光與遮蔽綜合效益統合整理，分別依「遮陽型式條件」、「開
窗率」以及「遮陽深度比」因子進行比較與分析，討論 13 個縣市中各因子與「採光與遮蔽
綜合效益」之影響關係。 
C. 台灣十三縣市遮陽板設置策略建議 
