可達半像素(half-pixel)之精度。本計畫為
了降低實作複雜度，先期以  Intra mode 
來進行實驗，先不考慮雙向移動補償的問
題，待檢驗效果後，再另行實作雙向移動
補償的模組，理論上，若加上雙向移動補
償，會增加編碼運算的複雜度，但應有更
高的壓縮率的呈現。本計畫結合 CSI 與 
MPEG-4 ，預期實作出可以達到更高壓縮
率的改良式編解碼器。 
 
 
二、實驗架構 
本計畫所提之改良式的架構，如圖一所
示，首先以 CSI 將影像進行前置處理，
將影像畫面大小先行壓縮至只有原影像畫
面大小的四分之一，接著進行  MPEG-4 
編碼的部份。經過 CSI 處理後的資料，
拆成8 x 8 的 macro block，對每個 MB 
進行離散餘弦轉換、量化，接著進行可變
長度編碼，編碼後的資料即可送至抽象網
路層(Network Abstract Layer, NAL)。另一
方面，將量化後的資料，進行反量化、反
離散餘弦以及反向CSI，並將此資料與後
來的影格資料進行移動補償後，將移動向
量經可變長度編碼後傳至NAL，供下一張
影格的移動估測之用。 
 
三、實驗結果 
 
實驗環境如下： 
DCT Q VLC
Frame
Memory
Motion
Compensation
Motion
Estimation
-
Input Video Output Bitstream
CSI
1Q−
1CSI−
1DCT−
圖一：改良式 MPEG-4 編碼器架構圖 
1. CPU: Intel Pentium 4D – 2.8G 
2. RAM: 1024MB 
3. 開發環境: Visual C++ 6.0 
4. 測試影像: Foreman.yuv (如圖二) 
影像尺寸: 352x288 Color 
影像框數: 400 frames 
 
 
圖二：測試影像 (Foreman, 352x288,400 frames) 
 
 
表1與表3的實驗結果分別是使用標準
MPEG-4 Codec 在 I:P=1:9 與 I:P=1:14 (I 
frame與P frame的比值)的條件下，測試在
不同量化值下的壓縮品質(含YUV)、壓縮
率及壓縮時間。表2與表4的實驗結果分別
是使用CSI內嵌的MPEG-4 Codec在I:P=1:9
與I:P=1:14 (I frame與P frame的比值)的條
件下，測試在不同量化值下的壓縮品質
(含YUV)、壓縮率及壓縮時間。由此四張
 2
表1：使用標準MPEG-4 Codec與標準彩色視訊檔Foreman(352x288, 400 frames)在
I:P=1:9(I frame與P frame的比值)的條件下，測試在不同量化值下的壓縮品質(含YUV)、
壓縮率及壓縮時間。 
 
Quant PSNR_Y (STD, I:P=1:9) 
PSNR_U 
(STD, I:P=1:9)
PSNR_V 
(STD, I:P=1:9)
平均位元率 
(bits / frame) 
編碼時間
(ms) 
1 45.90 48.15 49.34 30924 3190 
2 41.25 45.41 47.06 15235 2596 
3 38.70 43.90 45.58 9539 2534 
4 37.12 42.87 44.42 6994 2267 
5 35.89 42.09 43.57 5304 2342 
6 34.96 41.53 42.93 4296 2046 
7 34.19 40.98 42.24 3589 1984 
8 33.62 40.60 41.79 3134 1985 
9 33.06 40.28 41.35 2709 1944 
10 32.60 39.99 41.01 2423 1905 
11 32.20 39.73 40.76 2189 2003 
12 31.86 39.50 40.50 2007 2001 
13 31.53 39.24 40.15 1863 2061 
14 31.25 39.07 39.94 1746 1809 
15 30.99 38.87 39.74 1640 2046 
16 30.75 38.70 39.55 1550 1967 
17 30.54 38.47 39.27 1472 1783 
18 30.35 38.34 39.12 1411 1811 
19 30.15 38.23 38.97 1366 1952 
20 29.99 38.13 38.86 1311 1725 
21 29.82 38.04 38.77 1273 1985 
22 29.68 37.94 38.69 1245 1824 
23 29.51 37.79 38.52 1215 1875 
24 29.38 37.71 38.42 1188 1952 
25 29.26 37.52 38.24 1155 1919 
26 29.12 37.48 38.11 1135 1764 
27 28.98 37.34 37.88 1130 1844 
28 28.87 37.23 37.63 1102 1843 
29 28.74 37.05 37.39 1109 1922 
30 28.65 36.95 37.34 1094 1924 
31 28.54 36.88 37.33 1077 1982 
 
 4
表3：使用標準MPEG-4 Codec與標準彩色視訊檔Foreman(352x288, 400 frames)在
I:P=1:14(I frame與P frame的比值)的條件下，測試在不同量化值下的壓縮品質(含
YUV)、壓縮率及壓縮時間。 
 
Quant PSNR_Y (STD, I:P=1:14) 
PSNR_U 
(STD, I:P=1:14)
PSNR_V 
(STD, I:P=1:14)
平均位元率 
(bits / frame) 
編碼時間
(ms) 
1 45.87 48.12 49.31 30102 3172 
2 41.19 45.33 46.97 14571 2376 
3 38.63 43.76 45.45 8982 2482 
4 37.05 42.72 44.29 6523 2359 
5 35.80 41.92 43.39 4895 2250 
6 34.87 41.35 42.73 3946 2080 
7 34.10 40.78 42.04 3275 1998 
8 33.53 40.42 41.60 2862 2095 
9 32.95 40.09 41.13 2449 1876 
10 32.49 39.78 40.78 2188 2095 
11 32.09 39.52 40.52 1965 1848 
12 31.74 39.29 40.26 1805 1923 
13 31.42 39.05 39.93 1668 1814 
14 31.13 38.88 39.73 1561 1830 
15 30.88 38.68 39.52 1463 1952 
16 30.64 38.54 39.34 1385 1967 
17 30.42 38.31 39.08 1315 1844 
18 30.23 38.17 38.92 1258 1967 
19 30.04 38.08 38.78 1221 1875 
20 29.87 37.95 38.63 1169 1843 
21 29.71 37.88 38.54 1134 1781 
22 29.57 37.77 38.45 1112 1942 
23 29.41 37.63 38.33 1091 1893 
24 29.28 37.55 38.22 1066 1827 
25 29.16 37.37 38.02 1036 1889 
26 29.03 37.31 37.90 1019 1969 
27 28.89 37.20 37.72 1020 1779 
28 28.79 37.10 37.51 994 1891 
29 28.66 36.93 37.25 1001 1968 
30 28.58 36.82 37.20 988 1875 
31 28.48 36.74 37.19 973 1831 
 
 6
表5：比較標準與CSI內嵌的MPEG-4 Codec在I:P=1:9的條件下，測試不同量化值下的壓
縮品質、壓縮率及壓縮時間。 
PSNR_Y 
(CSI, I:P=1:9) 
平均位元率 
(bits / frame) 
編碼時間 
(ms) Quant 
STD CSI 差 STD CSI 差(%) STD CSI 差(%)
1 45.90 46.19 0.29 30924 29034 -6.2 3190 3435 7.6
2 41.25 41.44 0.19 15235 14212 -6.8 2596 2750 5.9
3 38.70 38.81 0.11 9539 8850 -7.3 2534 2515 -0.8
4 37.12 37.17 0.05 6994 6485 -7.3 2267 2576 13.6
5 35.89 35.87 -0.02 5304 4890 -7.9 2342 2354 0.5
6 34.96 34.90 -0.06 4296 3957 -7.9 2046 2343 14.5
7 34.19 34.08 -0.11 3589 3310 -7.8 1984 2265 14.1
8 33.62 33.49 -0.13 3134 2897 -7.6 1985 2202 10.9
9 33.06 32.84 -0.22 2709 2483 -8.4 1944 2312 18.9
10 32.60 32.36 -0.24 2423 2223 -8.3 1905 2252 18.2
11 32.20 31.92 -0.28 2189 2000 -8.7 2003 2140 6.8
12 31.86 31.54 -0.32 2007 1846 -8.1 2001 2048 2.3
13 31.53 31.18 -0.35 1863 1698 -8.9 2061 2081 0.9
14 31.25 30.88 -0.37 1746 1588 -9.1 1809 2124 17.4
15 30.99 30.59 -0.40 1640 1497 -8.8 2046 2105 2.8
16 30.75 30.35 -0.40 1550 1425 -8.1 1967 2171 10.3
17 30.54 30.09 -0.45 1472 1347 -8.5 1783 2138 19.9
18 30.35 29.87 -0.48 1411 1289 -8.7 1811 2123 17.2
19 30.15 29.66 -0.49 1366 1250 -8.5 1952 2123 8.7
20 29.99 29.48 -0.51 1311 1204 -8.2 1725 2048 18.7
21 29.82 29.30 -0.52 1273 1166 -8.5 1985 2066 4.0
22 29.68 29.14 -0.54 1245 1144 -8.2 1824 2106 15.4
23 29.51 28.98 -0.53 1215 1126 -7.4 1875 1985 5.8
24 29.38 28.85 -0.53 1188 1099 -7.5 1952 1920 -1.7
25 29.26 28.70 -0.56 1155 1076 -6.9 1919 2047 6.6
26 29.12 28.57 -0.55 1135 1061 -6.6 1764 2032 15.1
27 28.98 28.43 -0.55 1130 1062 -6.1 1844 2015 9.2
28 28.87 28.32 -0.55 1102 1036 -6.0 1843 1968 6.7
29 28.74 28.18 -0.56 1109 1046 -5.7 1922 2076 8.0
30 28.65 28.06 -0.59 1094 1035 -5.4 1924 1972 2.4
31 28.54 27.96 -0.58 1077 1016 -5.7 1982 2043 3.0
 8
